0.57388576051212, -2.046128647338941;
0.57388576051212, -2.046128647338941;
0.57388576051212, -2.046128647338941;
0.57388576051212, -2.046128647338941;
0.573885757603238, -2.0461285891612992;
0.573885757603238, -2.0461285891612992;
0.573885757603238, -2.0461285891612992;
0.573885757603238, -2.0461285891612992;
0.573885757603238, -2.0461285891612992;
0.573885757603238, -2.0461285891612992;
0.573885757603238, -2.0461285891612992;
0.573885757603238, -2.0461285891612992;
0.573885757603238, -2.0461285891612992;
0.573885757603238, -2.0461285891612992;
0.5738857197877709, -2.046128557163596;
0.5738857197877709, -2.046128557163596;
0.5738857197877709, -2.046128557163596;
0.5738857197877709, -2.046128557163596;
0.5738857197877709, -2.046128557163596;
0.5738857197877709, -2.046128557163596;
0.5738857197877709, -2.046128557163596;
0.5738857197877709, -2.046128557163596;
0.5738857197877709, -2.046128557163596;
0.5738857197877709, -2.046128557163596;
0.573885687790068, -2.0461285338925395;
0.573885687790068, -2.0461285338925395;
0.573885687790068, -2.0461285338925395;
0.573885687790068, -2.0461285338925395;
0.573885687790068, -2.0461285338925395;
0.573885687790068, -2.0461285338925395;
0.573885687790068, -2.0461285338925395;
0.573885687790068, -2.0461285338925395;
0.573885687790068, -2.0461285338925395;
0.573885687790068, -2.0461285338925395;
0.5738856819723038, -2.046128513530365;
0.5738856819723038, -2.046128513530365;
0.5738856819723038, -2.046128513530365;
0.5738856819723038, -2.046128513530365;
0.5738856819723038, -2.046128513530365;
0.5738856819723038, -2.046128513530365;
0.5738856819723038, -2.046128513530365;
0.5738856819723038, -2.046128513530365;
0.5738856819723038, -2.046128513530365;
0.5738856819723038, -2.046128513530365;
0.5738856325213083, -2.0461285280747754;
0.5738856325213083, -2.0461285280747754;
0.5738856325213083, -2.0461285280747754;
0.5738856325213083, -2.0461285280747754;
0.5738856325213083, -2.0461285280747754;
0.5738856325213083, -2.0461285280747754;
0.5738856325213083, -2.0461285280747754;
0.5738856325213083, -2.0461285280747754;
0.5738856325213083, -2.0461285280747754;
0.5738856325213083, -2.0461285280747754;
0.57388562088578, -2.0461285397103035;
0.57388562088578, -2.0461285397103035;
0.57388562088578, -2.0461285397103035;
0.57388562088578, -2.0461285397103035;
0.57388562088578, -2.0461285397103035;
0.57388562088578, -2.0461285397103035;
0.57388562088578, -2.0461285397103035;
0.57388562088578, -2.0461285397103035;
0.57388562088578, -2.0461285397103035;
0.57388562088578, -2.0461285397103035;
0.5738856994255963, -2.046128522257011;
0.5738856994255963, -2.046128522257011;
0.5738856994255963, -2.046128522257011;
0.5738856994255963, -2.046128522257011;
0.5738856994255963, -2.046128522257011;
0.5738856994255963, -2.046128522257011;
0.5738856994255963, -2.046128522257011;
0.5738856994255963, -2.046128522257011;
0.5738856994255963, -2.046128522257011;
0.5738856994255963, -2.046128522257011;
0.5738857226966531, -2.0461285251658934;
0.5738857226966531, -2.0461285251658934;
0.5738857226966531, -2.0461285251658934;
0.5738857226966531, -2.0461285251658934;
0.5738857226966531, -2.0461285251658934;
0.5738857226966531, -2.0461285251658934;
0.5738857226966531, -2.0461285251658934;
0.5738857226966531, -2.0461285251658934;
0.5738857226966531, -2.0461285251658934;
0.5738857226966531, -2.0461285251658934;
0.5738856674278934, -2.0461285775257707;
0.5738856674278934, -2.0461285775257707;
0.5738856674278934, -2.0461285775257707;
0.5738856674278934, -2.0461285775257707;
0.5738856674278934, -2.0461285775257707;
0.5738856674278934, -2.0461285775257707;
0.5738856674278934, -2.0461285775257707;
0.5738856674278934, -2.0461285775257707;
0.5738856674278934, -2.0461285775257707;
0.5738856674278934, -2.0461285775257707;
0.5738856936078321, -2.0461285862524172;
0.5738856936078321, -2.0461285862524172;
0.5738856936078321, -2.0461285862524172;
0.5738856936078321, -2.0461285862524172;
0.5738856936078321, -2.0461285862524172;
0.5738856936078321, -2.0461285862524172;
0.5738856936078321, -2.0461285862524172;
0.5738856936078321, -2.0461285862524172;
0.5738856936078321, -2.0461285862524172;
0.5738856936078321, -2.0461285862524172;
0.5738857285144172, -2.0461285804346527;
0.5738857285144172, -2.0461285804346527;
0.5738857285144172, -2.0461285804346527;
0.5738857285144172, -2.0461285804346527;
0.5738857285144172, -2.0461285804346527;
0.5738857285144172, -2.0461285804346527;
0.5738857285144172, -2.0461285804346527;
0.5738857285144172, -2.0461285804346527;
0.5738857285144172, -2.0461285804346527;
0.5738857285144172, -2.0461285804346527;
0.5738857634210022, -2.0461285775257707;
0.5738857634210022, -2.0461285775257707;
0.5738857634210022, -2.0461285775257707;
0.5738857634210022, -2.0461285775257707;
0.5738857634210022, -2.0461285775257707;
0.5738857634210022, -2.0461285775257707;
0.5738857634210022, -2.0461285775257707;
0.5738857634210022, -2.0461285775257707;
0.5738857634210022, -2.0461285775257707;
0.5738857634210022, -2.0461285775257707;
0.5738857808742948, -2.046128522257011;
0.5738857808742948, -2.046128522257011;
0.5738857808742948, -2.046128522257011;
0.5738857808742948, -2.046128522257011;
0.5738857808742948, -2.046128522257011;
0.5738857808742948, -2.046128522257011;
0.5738857808742948, -2.046128522257011;
0.5738857808742948, -2.046128522257011;
0.5738857808742948, -2.046128522257011;
0.5738857808742948, -2.046128522257011;
0.5738857925098231, -2.0461284931681902;
0.5738857925098231, -2.0461284931681902;
0.5738857925098231, -2.0461284931681902;
0.5738857925098231, -2.0461284931681902;
0.5738857925098231, -2.0461284931681902;
0.5738857925098231, -2.0461284931681902;
0.5738857925098231, -2.0461284931681902;
0.5738857925098231, -2.0461284931681902;
0.5738857925098231, -2.0461284931681902;
0.5738857925098231, -2.0461284931681902;
0.5738857983275872, -2.0461284640793695;
0.5738857983275872, -2.0461284640793695;
0.5738857983275872, -2.0461284640793695;
0.5738857983275872, -2.0461284640793695;
0.5738857983275872, -2.0461284640793695;
0.5738857983275872, -2.0461284640793695;
0.5738857983275872, -2.0461284640793695;
0.5738857983275872, -2.0461284640793695;
0.5738857983275872, -2.0461284640793695;
0.5738857983275872, -2.0461284640793695;
0.5738857750565306, -2.046128522257011;
0.5738857750565306, -2.046128522257011;
0.5738857750565306, -2.046128522257011;
0.5738857750565306, -2.046128522257011;
0.5738857750565306, -2.046128522257011;
0.5738857750565306, -2.046128522257011;
0.5738857750565306, -2.046128522257011;
0.5738857750565306, -2.046128522257011;
0.5738857750565306, -2.046128522257011;
0.5738857750565306, -2.046128522257011;
0.5738857430588276, -2.0461285775257707;
0.5738857430588276, -2.0461285775257707;
0.5738857430588276, -2.0461285775257707;
0.5738857430588276, -2.0461285775257707;
0.5738857430588276, -2.0461285775257707;
0.5738857430588276, -2.0461285775257707;
0.5738857430588276, -2.0461285775257707;
0.5738857430588276, -2.0461285775257707;
0.5738857430588276, -2.0461285775257707;
0.5738857430588276, -2.0461285775257707;
0.5738856296124263, -2.046128653156705;
0.5738856296124263, -2.046128653156705;
0.5738856296124263, -2.046128653156705;
0.5738856296124263, -2.046128653156705;
0.5738856296124263, -2.046128653156705;
0.5738856296124263, -2.046128653156705;
0.5738856296124263, -2.046128653156705;
0.5738856296124263, -2.046128653156705;
0.5738856296124263, -2.046128653156705;
0.5738856296124263, -2.046128653156705;
0.5738855772525487, -2.0461286909721723;
0.5738855772525487, -2.0461286909721723;
0.5738855772525487, -2.0461286909721723;
0.5738855772525487, -2.0461286909721723;
0.5738855772525487, -2.0461286909721723;
0.5738855772525487, -2.0461286909721723;
0.5738855772525487, -2.0461286909721723;
0.5738855772525487, -2.0461286909721723;
0.5738855772525487, -2.0461286909721723;
0.5738855772525487, -2.0461286909721723;
0.5738855859791949, -2.0461286735188797;
0.5738855859791949, -2.0461286735188797;
0.5738855859791949, -2.0461286735188797;
0.5738855859791949, -2.0461286735188797;
0.5738855859791949, -2.0461286735188797;
0.5738855859791949, -2.0461286735188797;
0.5738855859791949, -2.0461286735188797;
0.5738855859791949, -2.0461286735188797;
0.5738855859791949, -2.0461286735188797;
0.5738855859791949, -2.0461286735188797;
0.5738855656170203, -2.0461287084254645;
0.5738855656170203, -2.0461287084254645;
0.5738855656170203, -2.0461287084254645;
0.5738855656170203, -2.0461287084254645;
0.5738855656170203, -2.0461287084254645;
0.5738855656170203, -2.0461287084254645;
0.5738855656170203, -2.0461287084254645;
0.5738855656170203, -2.0461287084254645;
0.5738855656170203, -2.0461287084254645;
0.5738855656170203, -2.0461287084254645;
0.5738855219837891, -2.04612875787646;
0.5738855219837891, -2.04612875787646;
0.5738855219837891, -2.04612875787646;
0.5738855219837891, -2.04612875787646;
0.5738855219837891, -2.04612875787646;
0.5738855219837891, -2.04612875787646;
0.5738855219837891, -2.04612875787646;
0.5738855219837891, -2.04612875787646;
0.5738855219837891, -2.04612875787646;
0.5738854608972651, -2.04612882768963;
0.5738854608972651, -2.04612882768963;
0.5738854608972651, -2.04612882768963;
0.5738854608972651, -2.04612882768963;
0.5738854608972651, -2.04612882768963;
0.5738854608972651, -2.04612882768963;
0.5738854608972651, -2.04612882768963;
0.5738854608972651, -2.04612882768963;
0.5738854608972651, -2.04612882768963;
0.5738854608972651, -2.04612882768963;
0.5738854725327937, -2.046128821871866;
0.5738854725327937, -2.046128821871866;
0.5738854725327937, -2.046128821871866;
0.5738854725327937, -2.046128821871866;
0.5738854725327937, -2.046128821871866;
0.5738854725327937, -2.046128821871866;
0.5738854725327937, -2.046128821871866;
0.5738854725327937, -2.046128821871866;
0.5738854725327937, -2.046128821871866;
0.5738854725327937, -2.046128821871866;
0.5738854114462697, -2.04612888295839;
0.5738854114462697, -2.04612888295839;
0.5738854114462697, -2.04612888295839;
0.5738854114462697, -2.04612888295839;
0.5738854114462697, -2.04612888295839;
0.5738854114462697, -2.04612888295839;
0.5738854114462697, -2.04612888295839;
0.5738854114462697, -2.04612888295839;
0.5738854114462697, -2.04612888295839;
0.5738854114462697, -2.04612888295839;
0.5738853910840951, -2.046128874231744;
0.5738853910840951, -2.046128874231744;
0.5738853910840951, -2.046128874231744;
0.5738853910840951, -2.046128874231744;
0.5738853910840951, -2.046128874231744;
0.5738853910840951, -2.046128874231744;
0.5738853910840951, -2.046128874231744;
0.5738853910840951, -2.046128874231744;
0.5738853910840951, -2.046128874231744;
0.5738853910840951, -2.046128874231744;
0.5738853794485668, -2.046128871322862;
0.5738853794485668, -2.046128871322862;
0.5738853794485668, -2.046128871322862;
0.5738853794485668, -2.046128871322862;
0.5738853794485668, -2.046128871322862;
0.5738853794485668, -2.046128871322862;
0.5738853794485668, -2.046128871322862;
0.5738853794485668, -2.046128871322862;
0.5738853794485668, -2.046128871322862;
0.5738853794485668, -2.046128871322862;
0.5738852892732221, -2.0461287927830454;
0.5738852892732221, -2.0461287927830454;
0.5738852892732221, -2.0461287927830454;
0.5738852892732221, -2.0461287927830454;
0.5738852892732221, -2.0461287927830454;
0.5738852892732221, -2.0461287927830454;
0.5738852892732221, -2.0461287927830454;
0.5738852892732221, -2.0461287927830454;
0.5738852892732221, -2.0461287927830454;
0.5738852892732221, -2.0461287927830454;
0.5738853183620429, -2.046128816054102;
0.5738853183620429, -2.046128816054102;
0.5738853183620429, -2.046128816054102;
0.5738853183620429, -2.046128816054102;
0.5738853183620429, -2.046128816054102;
0.5738853183620429, -2.046128816054102;
0.5738853183620429, -2.046128816054102;
0.5738853183620429, -2.046128816054102;
0.5738853183620429, -2.046128816054102;
0.5738853183620429, -2.046128816054102;
0.5738853183620429, -2.046128850960687;
0.5738853183620429, -2.046128850960687;
0.5738853183620429, -2.046128850960687;
0.5738853183620429, -2.046128850960687;
0.5738853183620429, -2.046128850960687;
0.5738853183620429, -2.046128850960687;
0.5738853183620429, -2.046128850960687;
0.5738853183620429, -2.046128850960687;
0.5738853183620429, -2.046128850960687;
0.5738853183620429, -2.046128850960687;
0.5738853241798072, -2.0461288975028005;
0.5738853241798072, -2.0461288975028005;
0.5738853241798072, -2.0461288975028005;
0.5738853241798072, -2.0461288975028005;
0.5738853241798072, -2.0461288975028005;
0.5738853241798072, -2.0461288975028005;
0.5738853241798072, -2.0461288975028005;
0.5738853241798072, -2.0461288975028005;
0.5738853241798072, -2.0461288975028005;
0.5738853241798072, -2.0461288975028005;
0.5738853038176325, -2.0461289149560926;
0.5738853038176325, -2.0461289149560926;
0.5738853038176325, -2.0461289149560926;
0.5738853038176325, -2.0461289149560926;
0.5738853038176325, -2.0461289149560926;
0.5738853038176325, -2.0461289149560926;
0.5738853038176325, -2.0461289149560926;
0.5738853038176325, -2.0461289149560926;
0.5738853038176325, -2.0461289149560926;
0.5738853038176325, -2.0461289149560926;
0.5738852630932832, -2.0461289062294465;
0.5738852630932832, -2.0461289062294465;
0.5738852630932832, -2.0461289062294465;
0.5738852630932832, -2.0461289062294465;
0.5738852630932832, -2.0461289062294465;
0.5738852630932832, -2.0461289062294465;
0.5738852630932832, -2.0461289062294465;
0.5738852630932832, -2.0461289062294465;
0.5738852630932832, -2.0461289062294465;
0.5738852630932832, -2.0461289062294465;
0.573885219460052, -2.0461289149560926;
0.573885219460052, -2.0461289149560926;
0.573885219460052, -2.0461289149560926;
0.573885219460052, -2.0461289149560926;
0.573885219460052, -2.0461289149560926;
0.573885219460052, -2.0461289149560926;
0.573885219460052, -2.0461289149560926;
0.573885219460052, -2.0461289149560926;
0.573885219460052, -2.0461289149560926;
0.573885219460052, -2.0461289149560926;
0.5738852107334057, -2.046128920773857;
0.5738852107334057, -2.046128920773857;
0.5738852107334057, -2.046128920773857;
0.5738852107334057, -2.046128920773857;
0.5738852107334057, -2.046128920773857;
0.5738852107334057, -2.046128920773857;
0.5738852107334057, -2.046128920773857;
0.5738852107334057, -2.046128920773857;
0.5738852107334057, -2.046128920773857;
0.5738852020067595, -2.046128929500503;
0.5738852020067595, -2.046128929500503;
0.5738852020067595, -2.046128929500503;
0.5738852020067595, -2.046128929500503;
0.5738852020067595, -2.046128929500503;
0.5738852020067595, -2.046128929500503;
0.5738852020067595, -2.046128929500503;
0.5738852020067595, -2.046128929500503;
0.5738852020067595, -2.046128929500503;
0.5738852020067595, -2.046128929500503;
0.5738852107334057, -2.0461289062294465;
0.5738852107334057, -2.0461289062294465;
0.5738852107334057, -2.0461289062294465;
0.5738852107334057, -2.0461289062294465;
0.5738852107334057, -2.0461289062294465;
0.5738852107334057, -2.0461289062294465;
0.5738852107334057, -2.0461289062294465;
0.5738852107334057, -2.0461289062294465;
0.5738852107334057, -2.0461289062294465;
0.5738852107334057, -2.0461289062294465;
0.5738852340044625, -2.046128874231744;
0.5738852340044625, -2.046128874231744;
0.5738852340044625, -2.046128874231744;
0.5738852340044625, -2.046128874231744;
0.5738852340044625, -2.046128874231744;
0.5738852340044625, -2.046128874231744;
0.5738852340044625, -2.046128874231744;
0.5738852340044625, -2.046128874231744;
0.5738852340044625, -2.046128874231744;
0.5738852340044625, -2.046128874231744;
0.5738852369133446, -2.0461288684139793;
0.5738852369133446, -2.0461288684139793;
0.5738852369133446, -2.0461288684139793;
0.5738852369133446, -2.0461288684139793;
0.5738852369133446, -2.0461288684139793;
0.5738852369133446, -2.0461288684139793;
0.5738852369133446, -2.0461288684139793;
0.5738852369133446, -2.0461288684139793;
0.5738852369133446, -2.0461288684139793;
0.5738852369133446, -2.0461288684139793;
0.5738851874623491, -2.046128920773857;
0.5738851874623491, -2.046128920773857;
0.5738851874623491, -2.046128920773857;
0.5738851874623491, -2.046128920773857;
0.5738851874623491, -2.046128920773857;
0.5738851874623491, -2.046128920773857;
0.5738851874623491, -2.046128920773857;
0.5738851874623491, -2.046128920773857;
0.5738851874623491, -2.046128920773857;
0.5738851874623491, -2.046128920773857;
0.5738851932801132, -2.046128926591621;
0.5738851932801132, -2.046128926591621;
0.5738851932801132, -2.046128926591621;
0.5738851932801132, -2.046128926591621;
0.5738851932801132, -2.046128926591621;
0.5738851932801132, -2.046128926591621;
0.5738851932801132, -2.046128926591621;
0.5738851932801132, -2.046128926591621;
0.5738851932801132, -2.046128926591621;
0.5738851932801132, -2.046128926591621;
0.5738851787357029, -2.0461289585893243;
0.5738851787357029, -2.0461289585893243;
0.5738851787357029, -2.0461289585893243;
0.5738851787357029, -2.0461289585893243;
0.5738851787357029, -2.0461289585893243;
0.5738851787357029, -2.0461289585893243;
0.5738851787357029, -2.0461289585893243;
0.5738851787357029, -2.0461289585893243;
0.5738851787357029, -2.0461289585893243;
0.5738851787357029, -2.0461289585893243;
0.5738851031047686, -2.0461289469537958;
0.5738851031047686, -2.0461289469537958;
0.5738851031047686, -2.0461289469537958;
0.5738851031047686, -2.0461289469537958;
0.5738851031047686, -2.0461289469537958;
0.5738851031047686, -2.0461289469537958;
0.5738851031047686, -2.0461289469537958;
0.5738851031047686, -2.0461289469537958;
0.5738851031047686, -2.0461289469537958;
0.5738851031047686, -2.0461289469537958;
0.5738850303827164, -2.0461288044185735;
0.5738850303827164, -2.0461288044185735;
0.5738850303827164, -2.0461288044185735;
0.5738850303827164, -2.0461288044185735;
0.5738850303827164, -2.0461288044185735;
0.5738850303827164, -2.0461288044185735;
0.5738850303827164, -2.0461288044185735;
0.5738850303827164, -2.0461288044185735;
0.5738850303827164, -2.0461288044185735;
0.5738850303827164, -2.0461288044185735;
0.5738850914692403, -2.0461285600724786;
0.5738850914692403, -2.0461285600724786;
0.5738850914692403, -2.0461285600724786;
0.5738850914692403, -2.0461285600724786;
0.5738850914692403, -2.0461285600724786;
0.5738850914692403, -2.0461285600724786;
0.5738850914692403, -2.0461285600724786;
0.5738850914692403, -2.0461285600724786;
0.5738850914692403, -2.0461285600724786;
0.5738850914692403, -2.0461285600724786;
0.5738852136422878, -2.0461283244530293;
0.5738852136422878, -2.0461283244530293;
0.5738852136422878, -2.0461283244530293;
0.5738852136422878, -2.0461283244530293;
0.5738852136422878, -2.0461283244530293;
0.5738852136422878, -2.0461283244530293;
0.5738852136422878, -2.0461283244530293;
0.5738852136422878, -2.0461283244530293;
0.5738852136422878, -2.0461283244530293;
0.5738852136422878, -2.0461283244530293;
0.57388528636434, -2.046128004476;
0.57388528636434, -2.046128004476;
0.57388528636434, -2.046128004476;
0.57388528636434, -2.046128004476;
0.57388528636434, -2.046128004476;
0.57388528636434, -2.046128004476;
0.57388528636434, -2.046128004476;
0.57388528636434, -2.046128004476;
0.57388528636434, -2.046128004476;
0.57388528636434, -2.046128004476;
0.5738851961889954, -2.0461277950364893;
0.5738851961889954, -2.0461277950364893;
0.5738851961889954, -2.0461277950364893;
0.5738851961889954, -2.0461277950364893;
0.5738851961889954, -2.0461277950364893;
0.5738851961889954, -2.0461277950364893;
0.5738851961889954, -2.0461277950364893;
0.5738851961889954, -2.0461277950364893;
0.5738851961889954, -2.0461277950364893;
0.5738851961889954, -2.0461277950364893;
0.5738849460251358, -2.0461276117769183;
0.5738849460251358, -2.0461276117769183;
0.5738849460251358, -2.0461276117769183;
0.5738849460251358, -2.0461276117769183;
0.5738849460251358, -2.0461276117769183;
0.5738849460251358, -2.0461276117769183;
0.5738849460251358, -2.0461276117769183;
0.5738849460251358, -2.0461276117769183;
0.5738849460251358, -2.0461276117769183;
0.5738849460251358, -2.0461276117769183;
0.5738848616675554, -2.046127338342002;
0.5738848616675554, -2.046127338342002;
0.5738848616675554, -2.046127338342002;
0.5738848616675554, -2.046127338342002;
0.5738848616675554, -2.046127338342002;
0.5738848616675554, -2.046127338342002;
0.5738848616675554, -2.046127338342002;
0.5738848616675554, -2.046127338342002;
0.5738848616675554, -2.046127338342002;
0.5738848616675554, -2.046127338342002;
0.5738849460251358, -2.0461269689139767;
0.5738849460251358, -2.0461269689139767;
0.5738849460251358, -2.0461269689139767;
0.5738849460251358, -2.0461269689139767;
0.5738849460251358, -2.0461269689139767;
0.5738849460251358, -2.0461269689139767;
0.5738849460251358, -2.0461269689139767;
0.5738849460251358, -2.0461269689139767;
0.5738849460251358, -2.0461269689139767;
0.5738849460251358, -2.0461269689139767;
0.5738850449271268, -2.046126637301419;
0.5738850449271268, -2.046126637301419;
0.5738850449271268, -2.046126637301419;
0.5738850449271268, -2.046126637301419;
0.5738850449271268, -2.046126637301419;
0.5738850449271268, -2.046126637301419;
0.5738850449271268, -2.046126637301419;
0.5738850449271268, -2.046126637301419;
0.5738850449271268, -2.046126637301419;
0.5738850449271268, -2.046126637301419;
0.5738849722050746, -2.0461262766000403;
0.5738849722050746, -2.0461262766000403;
0.5738849722050746, -2.0461262766000403;
0.5738849722050746, -2.0461262766000403;
0.5738849722050746, -2.0461262766000403;
0.5738849722050746, -2.0461262766000403;
0.5738849722050746, -2.0461262766000403;
0.5738849722050746, -2.0461262766000403;
0.5738849722050746, -2.0461262766000403;
0.5738849722050746, -2.0461262766000403;
0.5738847976721495, -2.0461259478963645;
0.5738847976721495, -2.0461259478963645;
0.5738847976721495, -2.0461259478963645;
0.5738847976721495, -2.0461259478963645;
0.5738847976721495, -2.0461259478963645;
0.5738847976721495, -2.0461259478963645;
0.5738847976721495, -2.0461259478963645;
0.5738847976721495, -2.0461259478963645;
0.5738847976721495, -2.0461259478963645;
0.5738847976721495, -2.0461259478963645;
0.5738845678704646, -2.0461256482815093;
0.5738845678704646, -2.0461256482815093;
0.5738845678704646, -2.0461256482815093;
0.5738845678704646, -2.0461256482815093;
0.5738845678704646, -2.0461256482815093;
0.5738845678704646, -2.0461256482815093;
0.5738845678704646, -2.0461256482815093;
0.5738845678704646, -2.0461256482815093;
0.5738845678704646, -2.0461256482815093;
0.5738845678704646, -2.0461256482815093;
0.5738843467954261, -2.0461255697416934;
0.5738843467954261, -2.0461255697416934;
0.5738843467954261, -2.0461255697416934;
0.5738843467954261, -2.0461255697416934;
0.5738843467954261, -2.0461255697416934;
0.5738843467954261, -2.0461255697416934;
0.5738843467954261, -2.0461255697416934;
0.5738843467954261, -2.0461255697416934;
0.5738843467954261, -2.0461255697416934;
0.5738843467954261, -2.0461255697416934;
0.5738844020641857, -2.046125773363439;
0.5738844020641857, -2.046125773363439;
0.5738844020641857, -2.046125773363439;
0.5738844020641857, -2.046125773363439;
0.5738844020641857, -2.046125773363439;
0.5738844020641857, -2.046125773363439;
0.5738844020641857, -2.046125773363439;
0.5738844020641857, -2.046125773363439;
0.5738844020641857, -2.046125773363439;
0.5738844020641857, -2.046125773363439;
0.5738845562349363, -2.046125808270024;
0.5738845562349363, -2.046125808270024;
0.5738845562349363, -2.046125808270024;
0.5738845562349363, -2.046125808270024;
0.5738845562349363, -2.046125808270024;
0.5738845562349363, -2.046125808270024;
0.5738845562349363, -2.046125808270024;
0.5738845562349363, -2.046125808270024;
0.5738845562349363, -2.046125808270024;
0.5738845562349363, -2.046125808270024;
0.5738846347747525, -2.04612566282592;
0.5738846347747525, -2.04612566282592;
0.5738846347747525, -2.04612566282592;
0.5738846347747525, -2.04612566282592;
0.5738846347747525, -2.04612566282592;
0.5738846347747525, -2.04612566282592;
0.5738846347747525, -2.04612566282592;
0.5738846347747525, -2.04612566282592;
0.5738846347747525, -2.04612566282592;
0.5738846347747525, -2.04612566282592;
0.5738847307678614, -2.0461256395548633;
0.5738847307678614, -2.0461256395548633;
0.5738847307678614, -2.0461256395548633;
0.5738847307678614, -2.0461256395548633;
0.5738847307678614, -2.0461256395548633;
0.5738847307678614, -2.0461256395548633;
0.5738847307678614, -2.0461256395548633;
0.5738847307678614, -2.0461256395548633;
0.5738847307678614, -2.0461256395548633;
0.5738847831277389, -2.0461256046482785;
0.5738847831277389, -2.0461256046482785;
0.5738847831277389, -2.0461256046482785;
0.5738847831277389, -2.0461256046482785;
0.5738847831277389, -2.0461256046482785;
0.5738847831277389, -2.0461256046482785;
0.5738847831277389, -2.0461256046482785;
0.5738847831277389, -2.0461256046482785;
0.5738847831277389, -2.0461256046482785;
0.5738847831277389, -2.0461256046482785;
0.5738847976721495, -2.0461256133749246;
0.5738847976721495, -2.0461256133749246;
0.5738847976721495, -2.0461256133749246;
0.5738847976721495, -2.0461256133749246;
0.5738847976721495, -2.0461256133749246;
0.5738847976721495, -2.0461256133749246;
0.5738847976721495, -2.0461256133749246;
0.5738847976721495, -2.0461256133749246;
0.5738847976721495, -2.0461256133749246;
0.5738847976721495, -2.0461256133749246;
0.5738848005810315, -2.046125595921632;
0.5738848005810315, -2.046125595921632;
0.5738848005810315, -2.046125595921632;
0.5738848005810315, -2.046125595921632;
0.5738848005810315, -2.046125595921632;
0.5738848005810315, -2.046125595921632;
0.5738848005810315, -2.046125595921632;
0.5738848005810315, -2.046125595921632;
0.5738848005810315, -2.046125595921632;
0.5738848005810315, -2.046125595921632;
0.5738847889455032, -2.0461255755594574;
0.5738847889455032, -2.0461255755594574;
0.5738847889455032, -2.0461255755594574;
0.5738847889455032, -2.0461255755594574;
0.5738847889455032, -2.0461255755594574;
0.5738847889455032, -2.0461255755594574;
0.5738847889455032, -2.0461255755594574;
0.5738847889455032, -2.0461255755594574;
0.5738847889455032, -2.0461255755594574;
0.5738847889455032, -2.0461255755594574;
0.5738847685833286, -2.0461255464706367;
0.5738847685833286, -2.0461255464706367;
0.5738847685833286, -2.0461255464706367;
0.5738847685833286, -2.0461255464706367;
0.5738847685833286, -2.0461255464706367;
0.5738847685833286, -2.0461255464706367;
0.5738847685833286, -2.0461255464706367;
0.5738847685833286, -2.0461255464706367;
0.5738847685833286, -2.0461255464706367;
0.5738847685833286, -2.0461255464706367;
0.5738847685833286, -2.046125531926226;
0.5738847685833286, -2.046125531926226;
0.5738847685833286, -2.046125531926226;
0.5738847685833286, -2.046125531926226;
0.5738847685833286, -2.046125531926226;
0.5738847685833286, -2.046125531926226;
0.5738847685833286, -2.046125531926226;
0.5738847685833286, -2.046125531926226;
0.5738847685833286, -2.046125531926226;
0.5738847685833286, -2.046125531926226;
0.5738847714922106, -2.0461255115640515;
0.5738847714922106, -2.0461255115640515;
0.5738847714922106, -2.0461255115640515;
0.5738847714922106, -2.0461255115640515;
0.5738847714922106, -2.0461255115640515;
0.5738847714922106, -2.0461255115640515;
0.5738847714922106, -2.0461255115640515;
0.5738847714922106, -2.0461255115640515;
0.5738847714922106, -2.0461255115640515;
0.5738847714922106, -2.0461255115640515;
0.5738847773099748, -2.046125494110759;
0.5738847773099748, -2.046125494110759;
0.5738847773099748, -2.046125494110759;
0.5738847773099748, -2.046125494110759;
0.5738847773099748, -2.046125494110759;
0.5738847773099748, -2.046125494110759;
0.5738847773099748, -2.046125494110759;
0.5738847773099748, -2.046125494110759;
0.5738847773099748, -2.046125494110759;
0.5738847773099748, -2.046125494110759;
0.5738847831277389, -2.0461254592041738;
0.5738847831277389, -2.0461254592041738;
0.5738847831277389, -2.0461254592041738;
0.5738847831277389, -2.0461254592041738;
0.5738847831277389, -2.0461254592041738;
0.5738847831277389, -2.0461254592041738;
0.5738847831277389, -2.0461254592041738;
0.5738847831277389, -2.0461254592041738;
0.5738847831277389, -2.0461254592041738;
0.5738847831277389, -2.0461254592041738;
0.5738848063987957, -2.0461254737485843;
0.5738848063987957, -2.0461254737485843;
0.5738848063987957, -2.0461254737485843;
0.5738848063987957, -2.0461254737485843;
0.5738848063987957, -2.0461254737485843;
0.5738848063987957, -2.0461254737485843;
0.5738848063987957, -2.0461254737485843;
0.5738848063987957, -2.0461254737485843;
0.5738848063987957, -2.0461254737485843;
0.5738848063987957, -2.0461254737485843;
0.5738848383964987, -2.0461254592041738;
0.5738848383964987, -2.0461254592041738;
0.5738848383964987, -2.0461254592041738;
0.5738848383964987, -2.0461254592041738;
0.5738848383964987, -2.0461254592041738;
0.5738848383964987, -2.0461254592041738;
0.5738848383964987, -2.0461254592041738;
0.5738848383964987, -2.0461254592041738;
0.5738848383964987, -2.0461254592041738;
0.5738848383964987, -2.0461254592041738;
0.5738848733030837, -2.0461254068442964;
0.5738848733030837, -2.0461254068442964;
0.5738848733030837, -2.0461254068442964;
0.5738848733030837, -2.0461254068442964;
0.5738848733030837, -2.0461254068442964;
0.5738848733030837, -2.0461254068442964;
0.5738848733030837, -2.0461254068442964;
0.5738848733030837, -2.0461254068442964;
0.5738848733030837, -2.0461254068442964;
0.5738848733030837, -2.0461254068442964;
0.5738848616675554, -2.0461253515755367;
0.5738848616675554, -2.0461253515755367;
0.5738848616675554, -2.0461253515755367;
0.5738848616675554, -2.0461253515755367;
0.5738848616675554, -2.0461253515755367;
0.5738848616675554, -2.0461253515755367;
0.5738848616675554, -2.0461253515755367;
0.5738848616675554, -2.0461253515755367;
0.5738848616675554, -2.0461253515755367;
0.5738848616675554, -2.0461253515755367;
0.573884850032027, -2.0461253573933007;
0.573884850032027, -2.0461253573933007;
0.573884850032027, -2.0461253573933007;
0.573884850032027, -2.0461253573933007;
0.573884850032027, -2.0461253573933007;
0.573884850032027, -2.0461253573933007;
0.573884850032027, -2.0461253573933007;
0.573884850032027, -2.0461253573933007;
0.573884850032027, -2.0461253573933007;
0.573884850032027, -2.0461253573933007;
0.5738848442142629, -2.046125386482122;
0.5738848442142629, -2.046125386482122;
0.5738848442142629, -2.046125386482122;
0.5738848442142629, -2.046125386482122;
0.5738848442142629, -2.046125386482122;
0.5738848442142629, -2.046125386482122;
0.5738848442142629, -2.046125386482122;
0.5738848442142629, -2.046125386482122;
0.5738848442142629, -2.046125386482122;
0.5738848442142629, -2.046125386482122;
0.5738847831277389, -2.046125386482122;
0.5738847831277389, -2.046125386482122;
0.5738847831277389, -2.046125386482122;
0.5738847831277389, -2.046125386482122;
0.5738847831277389, -2.046125386482122;
0.5738847831277389, -2.046125386482122;
